9600.0,9834,64
3900.0,3686,26
21150.0,18835,141
5400.0,8000,36
15600.0,13576,104
4500.0,4211,30
15750.0,13259,105
24000.0,20521,160
25200.0,21571,168
5850.0,5579,39
32400.0,27569,216
13950.0,12121,93
18150.0,15653,121
28650.0,24413,191
22950.0,19573,153
19200.0,16521,128
21750.0,18731,145
30600.0,25989,204
18450.0,15575,123
19350.0,16205,129
12450.0,10734,83
19650.0,17841,131
14400.0,17575,96
14100.0,12208,94
7950.0,7072,53
12750.0,11057,85
11550.0,15784,77
23250.0,19888,155
12600.0,10861,84
10350.0,13631,69
23850.0,20414,159
23850.0,20520,159
5100.0,4738,34
25800.0,21992,172
21000.0,18729,140
24000.0,20100,160
5250.0,8630,35
9900.0,11682,66
5250.0,4738,35
5400.0,7659,36
10500.0,9270,70
14250.0,12209,95
3600.0,3370,24
10350.0,13365,69
13800.0,12003,92
10500.0,9169,70
8550.0,14417,57
3300.0,3160,22
21450.0,18310,143
11250.0,9787,75
5700.0,5158,38
30150.0,25676,201
4500.0,4213,30
29400.0,24938,196
7950.0,7066,53
10200.0,16206,68
19950.0,17048,133
28200.0,23993,188
6900.0,6308,46
25500.0,21781,170
12000.0,20009,80
35400.0,29916,236
22650.0,19257,151
3300.0,3160,22
15750.0,13823,105
8400.0,7472,56
19500.0,16732,130
9150.0,8105,61
20700.0,17782,138
10800.0,11050,72
2550.0,4952,17
13500.0,11788,90
11550.0,9999,77
6150.0,5601,41
10800.0,12208,72
17100.0,14522,114
12900.0,11287,86
6600.0,6000,44
10950.0,13821,73
18150.0,15656,121
15000.0,14419,100
3450.0,3161,23
7950.0,7052,53
9300.0,8032,62
20850.0,17994,139
9000.0,7893,60
9900.0,8840,66
14100.0,11758,94
9000.0,7895,60
8400.0,8211,56
16500.0,14179,110
12750.0,10945,85
14100.0,19497,94
15300.0,13511,102
12000.0,13364,80
13200.0,15258,88
14250.0,12312,95
19050.0,16487,127
5100.0,9263,34
4650.0,8952,31
4650.0,4242,31
4200.0,7568,28
5250.0,7577,35
11100.0,9684,74
10500.0,9261,70
5550.0,6737,37
10800.0,9367,72
9900.0,8735,66
5700.0,5685,38
11700.0,10208,78
5700.0,5287,38
2700.0,2683,18
3000.0,3055,20
16650.0,14433,111
8400.0,14522,56
11550.0,10045,77
13800.0,11786,92
5850.0,5368,39
31350.0,26726,209
25650.0,21782,171
2700.0,2829,18
23100.0,19680,154
15000.0,13024,100
12900.0,11157,86
5850.0,5263,39
28050.0,23884,187
6300.0,5580,42
9600.0,8316,64
3300.0,3159,22
3300.0,3054,22
7350.0,9997,49
3300.0,3264,22
22950.0,19891,153
27750.0,23886,185
8250.0,9915,55
7050.0,6315,47
14100.0,12165,94
24750.0,21150,165
2020.0,2336,86
3860.0,4130,178
1980.0,2428,84
2940.0,3433,132
2360.0,5535,103
2140.0,2536,92
2900.0,3235,130
1340.0,3434,52
1700.0,2831,70
2700.0,3141,120
2200.0,3025,95
860.0,1333,28
1680.0,2133,69
5000.0,5423,235
1960.0,4034,83
920.0,1430,31
4720.0,5134,221
1160.0,2433,43
3840.0,4235,177
3100.0,3639,140
1680.0,2133,69
3580.0,3939,164
1800.0,2824,75
3340.0,3728,152
1280.0,2436,49
1480.0,2735,59
3340.0,3732,152
1840.0,2935,77
3460.0,3930,158
3000.0,3732,135
1860.0,3339,78
3260.0,3733,148
1880.0,3027,79
1600.0,4033,65
780.0,1432,24
1520.0,1936,61
1460.0,4436,58
1080.0,1635,39
3840.0,4330,177
4900.0,5427,230
3720.0,4134,171
2100.0,2530,90
720.0,1329,21
2560.0,2931,113
3080.0,3537,139
2860.0,3337,128
3820.0,4230,176
1640.0,2132,67
2240.0,2836,97
3280.0,3635,149
2480.0,2835,109
2320.0,3432,101
1580.0,2031,64
1140.0,1622,42
820.0,1334,26
2220.0,2728,96
4340.0,4722,202
2060.0,2532,88
3520.0,3824,161
6980.0,7433,334
1100.0,1630,40
1260.0,1630,48
1560.0,2028,63
2200.0,2636,95
4280.0,4832,199
2200.0,2523,95
3760.0,4230,173
3240.0,3929,147
2720.0,3234,121
1480.0,2034,59
2260.0,3337,98
1580.0,2036,64
1860.0,2331,78
2500.0,2928,110
1820.0,2129,76
2760.0,3235,123
1440.0,1821,57
2760.0,3327,123
3280.0,3531,149
1900.0,2430,80
1840.0,2231,77
1400.0,1826,55
2160.0,2630,93
5660.0,6030,268
1880.0,2233,79
2580.0,3030,114
1020.0,1531,36
1500.0,3236,60
2220.0,3138,96
780.0,1232,24
1880.0,2334,79
2540.0,2928,112
580.0,1032,14
1860.0,3027,78
1600.0,3635,65
1080.0,1729,39
2380.0,2730,104
2500.0,2927,110
2080.0,3435,89
1740.0,2233,72
1080.0,1933,39
2900.0,3329,130
2120.0,4729,91
1780.0,6030,74
3440.0,3835,157
4720.0,5139,221
2360.0,2833,103
2800.0,3333,125
3660.0,4034,168
960.0,1335,33
4600.0,4930,215
2060.0,2527,88
3800.0,4232,175
2740.0,3229,122
880.0,1231,29
2540.0,2824,112
2200.0,3636,95
3060.0,3435,138
3300.0,3829,150
860.0,1229,28
3320.0,3634,151
2860.0,3232,128
5700.0,6234,270
2980.0,5133,134
4960.0,5331,233
2000.0,2333,85
1540.0,1936,62
2000.0,2527,85
5620.0,6033,266
3060.0,3425,138
3400.0,5334,155
3100.0,3535,140
2340.0,2829,102
3960.0,4333,183
2980.0,3432,134
2840.0,3129,127
4860.0,5229,228
2200.0,2832,95
4580.0,5131,214
3080.0,3433,139
1340.0,1735,52
2540.0,2934,112
2200.0,3732,95
1960.0,2335,83
1300.0,1728,50
3200.0,3623,145
1480.0,1833,59
4240.0,4731,197
1360.0,1731,53
3380.0,3830,154
5080.0,5431,239
2420.0,2828,106
1100.0,2034,40
2940.0,3327,132
1000.0,3028,35
2620.0,3033,116
3420.0,3934,156
800.0,1232,25
1060.0,2229,38
5600.0,6035,265
1120.0,1622,41
2840.0,3332,127
3840.0,4329,177
3420.0,3834,156
2400.0,2932,105
2760.0,3237,123
3220.0,3629,146
3620.0,4027,166
1580.0,3924,64
620.0,1726,16
3440.0,3830,157
1800.0,2232,75
4060.0,4425,188
2940.0,3432,132
3220.0,3624,146
3700.0,4130,170
1380.0,2431,54
3460.0,3834,158
3840.0,4336,177
1220.0,1930,46
3660.0,4034,168
2060.0,2436,88
2980.0,3523,134
1200.0,1526,45
2060.0,3531,88
1720.0,2129,71
2660.0,3126,118
3300.0,3730,150
1500.0,1929,60
1500.0,3032,60
2340.0,2829,102
3240.0,3636,147
1940.0,2331,82
2720.0,3131,121
3420.0,3734,156
1520.0,1836,61
1620.0,1932,66
5000.0,5330,235
1640.0,2033,67
680.0,1727,19
2360.0,2733,103
3520.0,3930,161
1540.0,2138,62
2480.0,2935,109
1700.0,2336,70
2740.0,3125,122
3700.0,4128,170
1600.0,2034,65
1560.0,2429,63
5000.0,5430,235
2720.0,4537,121
2660.0,3132,118
680.0,1534,19
1300.0,3428,50
3620.0,4132,166
2980.0,3430,134
1580.0,2629,64
1460.0,1929,58
3220.0,3727,146
5520.0,5837,261
3540.0,3932,162
1660.0,2021,68
1860.0,2433,78
1640.0,2026,67
1520.0,3418,61
3660.0,4030,168
980.0,3033,34
3340.0,3826,152
1600.0,2123,65
2340.0,2727,102
5700.0,6235,270
2660.0,3430,118
1040.0,2830,37
1940.0,2432,82
2800.0,3230,125
2440.0,2926,107
2320.0,2726,101
2560.0,3422,113
1140.0,2433,42
2080.0,4135,89
4840.0,5130,227
2760.0,3131,123
3380.0,5429,154
1160.0,1530,43
1860.0,3527,78
3820.0,4225,176
1800.0,5031,75
2600.0,2931,115
2140.0,3937,92
920.0,2924,31
3780.0,4227,174
3840.0,5329,177
1660.0,2028,68
3380.0,3829,154
5780.0,6233,274
800.0,1334,25
720.0,1832,21
1340.0,1734,52
2120.0,3028,91
2340.0,2827,102
780.0,2328,24
2440.0,2726,107
2380.0,3434,104
3800.0,4234,175
1180.0,1733,44
1580.0,3133,64
3400.0,3734,155
1920.0,2433,81
760.0,2426,23
700.0,1328,20
3180.0,4431,144
6780.0,7227,324
1760.0,2126,73
2140.0,2525,92
3280.0,3734,149
2000.0,2430,85
1500.0,1928,60
1040.0,2823,37
2820.0,4530,126
6880.0,7329,329
1640.0,2123,67
2020.0,2327,86
2600.0,2928,115
1580.0,2133,64
3300.0,3631,150
840.0,1828,27
2280.0,2729,99
3520.0,3936,161
2820.0,3235,126
4420.0,4731,206
2900.0,3228,130
1980.0,2431,84
1340.0,1836,52
860.0,1534,28
3800.0,4225,175
2080.0,4230,89
3540.0,4032,162
1920.0,2233,81
5440.0,5932,257
1140.0,2729,42
2200.0,2626,95
4200.0,4635,195
3800.0,4233,175
1360.0,1732,53
2280.0,2734,99
760.0,1328,23
1920.0,2433,81
1780.0,2230,74
2080.0,2533,89
3800.0,4330,175
1300.0,1831,50
2300.0,2734,100
3640.0,4130,167
1020.0,3037,36
4100.0,4531,190
2380.0,2837,104
800.0,1326,25
1560.0,1934,63
1980.0,2831,84
3820.0,4332,176
3480.0,3832,159
920.0,1431,31
3140.0,3529,142
1540.0,1934,62
2240.0,4232,97
1860.0,3235,78
1240.0,3434,47
1540.0,1927,62
4420.0,4729,206
740.0,1131,22
3200.0,3732,145
1860.0,2235,78
3800.0,5629,175
2560.0,3027,113
2720.0,3224,121
1260.0,1735,48
2920.0,3233,131
3640.0,4035,167
1800.0,2334,75
1120.0,3533,41
2500.0,2931,110
1340.0,1730,52
2920.0,3327,131
1340.0,2329,52
3580.0,4033,164
1600.0,2035,65
3480.0,3832,159
1620.0,2734,66
2760.0,3333,123
1960.0,2433,83
2980.0,3829,134
2880.0,5027,129
900.0,2127,30
1940.0,2433,82
4620.0,5135,216
3680.0,4130,169
3180.0,3726,144
5320.0,5633,251
2220.0,2630,96
1520.0,5132,61
1800.0,4928,75
3660.0,4039,168
2160.0,2434,93
1640.0,2031,67
5820.0,6235,276
3460.0,4831,158
1640.0,3734,67
1380.0,1999,54
2360.0,3399,103
2220.0,4298,96
3200.0,4902,145
3680.0,4297,169
1680.0,2102,69
3340.0,4899,152
1260.0,1701,48
1600.0,3399,65
1820.0,2401,76
3840.0,5197,177
1880.0,4004,79
4260.0,4702,198
940.0,1696,32
1580.0,2098,64
1720.0,4196,71
4160.0,4600,193
960.0,1701,33
1820.0,2300,76
2100.0,2598,90
2640.0,6394,117
2500.0,2900,110
2080.0,2498,89
4620.0,5097,216
980.0,1798,34
1860.0,2302,78
4540.0,5499,212
4540.0,5000,212
1000.0,1900,35
1900.0,2394,80
2560.0,3601,113
4440.0,4906,207
3360.0,3804,153
4100.0,4597,190
3240.0,3702,147
1560.0,2001,63
900.0,2398,30
3620.0,4004,166
3440.0,3900,157
4220.0,4694,196
3360.0,3797,153
920.0,1397,31
4560.0,5000,213
1220.0,3598,46
2400.0,2803,105
960.0,2502,33
2840.0,3300,127
720.0,1206,21
1020.0,2499,36
1620.0,2806,66
2100.0,2597,90
1260.0,1702,48
940.0,2500,32
1180.0,1601,44
3780.0,4297,174
920.0,2600,31
1900.0,2805,80
3000.0,3400,135
1600.0,2901,65
960.0,3199,33
1320.0,1896,51
2860.0,3302,128
3000.0,3500,135
3420.0,5600,156
2420.0,2902,106
2920.0,3400,131
940.0,1603,32
5360.0,5697,253
740.0,2401,22
2820.0,3299,126
1360.0,3999,53
1040.0,2701,37
4080.0,4506,189
1520.0,3397,61
2320.0,2798,101
1760.0,2199,73
2880.0,5700,129
3780.0,4200,174
5340.0,5797,252
3360.0,3800,153
5500.0,5896,260
1140.0,1600,42
2580.0,2998,114
1560.0,5303,63
1600.0,3904,65
880.0,1694,29
2260.0,4998,98
5240.0,5696,247
1800.0,2301,75
1640.0,4898,67
2600.0,3199,115
1420.0,4497,56
2240.0,2792,97
1680.0,4499,69
3440.0,3896,157
1480.0,1892,59
4280.0,4701,199
1700.0,4196,70
1340.0,3798,52
4680.0,5098,219
2260.0,3096,98
5100.0,5596,240
940.0,2698,32
1700.0,3798,70
1320.0,3700,51
1840.0,2198,77
6180.0,6600,294
2740.0,3194,122
5380.0,5896,254
1020.0,1496,36
2140.0,3301,92
4300.0,4801,200
2800.0,3202,125
1580.0,4196,64
2920.0,3397,131
2960.0,3397,133
1000.0,1499,35
3460.0,3899,158
1440.0,3204,57
3420.0,3799,156
2080.0,2497,89
3820.0,4298,176
980.0,1497,34
3440.0,3904,157
3380.0,3798,154
1940.0,2403,82
1940.0,2398,82
3420.0,3897,156
6020.0,6502,286
940.0,1299,32
1520.0,1997,61
2260.0,2697,98
4140.0,4599,192
1240.0,2599,47
2660.0,3397,118
3680.0,4099,169
1760.0,6199,73
1540.0,2395,62
720.0,1096,21
2720.0,3202,121
4080.0,4400,189
2100.0,5996,90
1180.0,1795,44
2760.0,3192,123
3200.0,3699,145
1180.0,1600,44
1020.0,2092,36
2520.0,4097,111
2520.0,4598,111
3800.0,4193,175
1040.0,2701,37
1740.0,2100,72
1280.0,1800,49
3500.0,4094,160
2980.0,6197,134
1480.0,1897,59
3640.0,4097,167
2700.0,3197,120
1340.0,1799,52
2680.0,3297,119
2220.0,3997,96
1140.0,2296,42
1480.0,1995,59
4320.0,4798,201
1840.0,2298,77
840.0,1300,27
3380.0,3893,154
3400.0,3796,155
1100.0,2698,40
1460.0,1894,58
5700.0,6197,270
3240.0,4796,147
4440.0,4797,207
1420.0,1991,56
1060.0,2894,38
4760.0,5200,223
3500.0,3995,160
4080.0,4597,189
2000.0,2492,85
1700.0,2298,70
2220.0,4196,96
1000.0,3194,35
820.0,1597,26
1580.0,2096,64
5440.0,5894,257
3680.0,4095,169
6760.0,7194,323
1100.0,1593,40
2840.0,3297,127
3780.0,4795,174
2380.0,3496,104
3640.0,4094,167
1780.0,2891,74
1080.0,1497,39
5920.0,6492,281
2440.0,4996,107
1580.0,2197,64
1880.0,2398,79
1060.0,1498,38
800.0,1893,25
1680.0,2193,69
2380.0,2897,104
1580.0,2098,64
1980.0,2493,84
1420.0,3093,56
4260.0,4691,198
3300.0,3791,150
1660.0,1990,68
2960.0,5496,133
2100.0,5390,90
980.0,1797,34
5200.0,5698,245
1560.0,2798,63
3460.0,5593,158
1200.0,1801,45
2160.0,2698,93
4660.0,4997,218
2820.0,3202,126
1080.0,1803,39
1240.0,1700,47
1080.0,3205,39
5740.0,6103,272
1860.0,3699,78
1280.0,1799,49
1200.0,1703,45
1880.0,3298,79
1160.0,1503,43
3100.0,3500,140
2300.0,3606,100
2500.0,3003,110
2640.0,3403,117
1080.0,3301,39
1100.0,1601,40
2900.0,3997,130
1940.0,2394,82
2320.0,2801,101
1160.0,3007,43
1880.0,2902,79
1220.0,1698,46
2360.0,2798,103
2160.0,2901,93
2660.0,3699,118
3300.0,3793,150
1120.0,2499,41
1860.0,2302,78
1200.0,1898,45
1280.0,2298,49
2080.0,3800,89
3320.0,3802,151
1120.0,2298,41
1880.0,2401,79
4580.0,4998,214
1360.0,1894,53
2800.0,3302,125
2680.0,3199,119
1200.0,1798,45
1820.0,2205,76
2680.0,3099,119
2160.0,2598,93
2560.0,2901,113
1800.0,3000,75
3180.0,3597,144
1220.0,1701,46
1800.0,2199,75
2440.0,2899,107
780.0,1295,24
2560.0,3001,113
2060.0,3201,88
2500.0,3496,110
1040.0,3197,37
1940.0,2396,82
1000.0,1498,35
2260.0,2598,98
2420.0,2900,106
1900.0,3500,80
740.0,1103,22
2200.0,2703,95
1360.0,1899,53
1040.0,1499,37
2240.0,2701,97
1280.0,1701,49
1800.0,3705,75
2740.0,4397,122
960.0,1399,33
1580.0,1996,64
2080.0,2801,89
1260.0,1700,48
1800.0,2906,75
2800.0,3303,125
2060.0,2401,88
2820.0,3306,126
1800.0,2302,75
2000.0,2804,85
1220.0,1704,46
1780.0,2504,74
2660.0,3199,118
1140.0,1499,42
3160.0,3606,143
2160.0,3801,93
1200.0,2502,45
1820.0,3500,76
2860.0,4797,128
2260.0,5197,98
3300.0,3795,150
3089.74358974,2490,31
7448.71794872,6187,116
3910.25641026,2988,47
2474.35897436,1685,19
8166.66666667,7086,130
6064.1025641,4986,89
7448.71794872,6085,116
4679.48717949,3686,62
4166.66666667,3289,52
4115.38461538,3286,51
6217.94871795,5089,92
8935.8974359,7687,145
3653.84615385,2886,42
4628.20512821,3590,61
9346.15384615,5384,153
8371.79487179,7086,134
4628.20512821,3591,61
5243.58974359,4087,73
3192.30769231,2286,33
5141.02564103,4288,71
17243.5897436,14989,307
6064.1025641,4887,89
4576.92307692,3485,60
4064.1025641,3089,50
4576.92307692,3588,60
5448.71794872,4490,77
4269.23076923,3489,54
6679.48717949,5488,101
3448.71794872,2486,38
7243.58974359,6190,112
8269.23076923,6887,132
5346.15384615,4487,75
3602.56410256,2887,41
4269.23076923,3489,54
4320.51282051,3591,55
8782.05128205,7389,142
2833.33333333,1985,26
5551.28205128,4587,79
18064.1025641,15686,323
3243.58974359,2487,34
5397.43589744,4586,76
9141.02564103,7590,149
3551.28205128,2687,40
2782.05128205,2089,25
4730.76923077,3890,63
3294.87179487,2390,35
3294.87179487,2389,35
2423.07692308,1786,18
5346.15384615,4186,75
4166.66666667,3389,52
4217.94871795,3489,53
3192.30769231,2286,33
2269.23076923,1686,15
8679.48717949,7490,140
10525.6410256,8986,176
3551.28205128,2587,40
2423.07692308,1791,18
3756.41025641,2787,44
4525.64102564,3687,59
2217.94871795,1390,14
18423.0769231,16088,330
3910.25641026,3187,47
4884.61538462,3889,66
10064.1025641,8487,167
3500.0,2585,39
2474.35897436,1887,19
6217.94871795,5287,92
10217.9487179,8989,170
7243.58974359,6286,112
2576.92307692,1686,21
2679.48717949,1988,23
2935.8974359,2290,28
10269.2307692,8686,171
8012.82051282,6588,127
3243.58974359,2285,34
3602.56410256,2689,41
3448.71794872,2487,38
10115.3846154,8889,168
7653.84615385,6587,120
6269.23076923,5391,93
10012.8205128,8485,166
7910.25641026,6887,125
3807.69230769,2891,45
8217.94871795,6789,131
4269.23076923,3287,54
2679.48717949,1789,23
3910.25641026,2888,47
9961.53846154,8690,165
5653.84615385,4487,81
7192.30769231,5990,111
12166.6666667,10685,208
8115.38461538,7090,129
9243.58974359,7787,151
5858.97435897,4690,85
5910.25641026,4686,86
6115.38461538,4887,90
7089.74358974,6187,109
8935.8974359,7787,145
4679.48717949,3587,62
6269.23076923,5085,93
3500.0,2586,39
4423.07692308,3289,57
5807.69230769,4891,84
3397.43589744,2489,37
2679.48717949,1789,23
4012.82051282,3290,49
3756.41025641,2486,44
6269.23076923,5688,93
5141.02564103,4091,71
8012.82051282,6689,127
2884.61538462,1988,27
9858.97435897,8289,163
12217.9487179,10590,209
3858.97435897,3087,46
10320.5128205,9087,172
2782.05128205,1886,25
6987.17948718,5988,107
9910.25641026,8389,164
9294.87179487,7885,152
10474.3589744,8889,175
2833.33333333,1887,26
4987.17948718,4187,68
2320.51282051,1489,16
4935.8974359,3888,67
6012.82051282,5090,88
3807.69230769,3087,45
5089.74358974,3987,70
3858.97435897,2889,46
10269.2307692,8686,171
5756.41025641,4787,83
5500.0,4589,78
4012.82051282,2983,49
6012.82051282,4888,88
8884.61538462,7686,144
5294.87179487,4186,74
5756.41025641,4890,83
3961.53846154,3188,48
6576.92307692,5685,99
10166.6666667,8585,169
4525.64102564,3788,59
4269.23076923,3189,54
2628.20512821,1791,22
3243.58974359,2587,34
9653.84615385,8088,159
5346.15384615,4489,75
4884.61538462,3986,66
10166.6666667,8590,169
13141.025641,11686,227
3602.56410256,2988,41
4576.92307692,3586,60
10371.7948718,9090,173
2782.05128205,1885,25
6884.61538462,5587,105
3551.28205128,2591,40
2525.64102564,1890,20
2679.48717949,2090,23
10576.9230769,8987,177
9038.46153846,7586,147
12217.9487179,10687,209
10576.9230769,8988,177
2679.48717949,1788,23
14987.1794872,13290,263
5858.97435897,4688,85
4423.07692308,3587,57
4320.51282051,3287,55
3294.87179487,2589,35
4576.92307692,3788,60
9756.41025641,8290,161
3653.84615385,2687,42
2474.35897436,1886,19
4166.66666667,3188,52
8730.76923077,7587,141
3653.84615385,2889,42
4576.92307692,3687,60
3500.0,2590,39
10371.7948718,8891,173
2628.20512821,1789,22
2525.64102564,1686,20
3243.58974359,2487,34
4730.76923077,3687,63
5448.71794872,4588,77
3500.0,2789,39
5141.02564103,3989,71
10064.1025641,8590,167
2576.92307692,1987,21
3448.71794872,2488,38
4423.07692308,3389,57
2628.20512821,1989,22
9653.84615385,8086,159
4320.51282051,3285,55
10269.2307692,8987,171
4320.51282051,3284,55
5602.56410256,4490,80
9346.15384615,8187,153
9602.56410256,8086,158
3089.74358974,2390,31
8935.8974359,7787,145
8166.66666667,6791,130
3602.56410256,2689,41
6987.17948718,6086,107
7961.53846154,6590,126
3038.46153846,2185,30
4115.38461538,3390,51
7858.97435897,6490,124
2423.07692308,1587,18
13910.2564103,12387,242
2679.48717949,2086,23
5858.97435897,4987,85
4679.48717949,3690,62
4423.07692308,3487,57
6782.05128205,5485,103
3602.56410256,2690,41
7807.69230769,6786,123
2987.17948718,2089,29
4269.23076923,3586,54
2935.8974359,2087,28
6833.33333333,5586,104
2935.8974359,2287,28
7910.25641026,6887,125
7653.84615385,6391,120
5397.43589744,4589,76
2371.79487179,1787,17
3038.46153846,2188,30
4064.1025641,3086,50
12782.0512821,11090,220
5961.53846154,5087,87
4474.35897436,3586,58
8576.92307692,7586,138
9961.53846154,8388,165
4012.82051282,2991,49
7346.15384615,6386,114
6115.38461538,5188,90
4628.20512821,3685,61
3551.28205128,2686,40
7500.0,6186,117
6679.48717949,5691,101
6525.64102564,5588,98
5038.46153846,3987,69
8679.48717949,7287,140
4679.48717949,3886,62
6474.35897436,5288,97
7807.69230769,6487,123
7653.84615385,6290,120
6935.8974359,5987,106
2525.64102564,1886,20
7653.84615385,6387,120
10576.9230769,9086,177
3294.87179487,2290,35
8269.23076923,6890,132
2935.8974359,1987,28
3551.28205128,2890,40
9141.02564103,7987,149
3807.69230769,2887,45
2782.05128205,2086,25
3294.87179487,2388,35
3192.30769231,2287,33
6525.64102564,5289,98
11192.3076923,9587,189
7653.84615385,6286,120
9602.56410256,8386,158
3141.02564103,2586,32
6884.61538462,5691,105
2833.33333333,2186,26
7448.71794872,6185,116
6423.07692308,5386,96
8935.8974359,7487,145
6576.92307692,5586,99
15756.4102564,13591,278
2935.8974359,2291,28
3448.71794872,2685,38
3038.46153846,2290,30
7141.02564103,5889,110
6474.35897436,5190,97
4012.82051282,3088,49
2833.33333333,1989,26
6833.33333333,5890,104
5448.71794872,4489,77
4474.35897436,3386,58
5910.25641026,4989,86
4884.61538462,3987,66
7294.87179487,6290,113
4064.1025641,3287,50
5089.74358974,4091,70
5141.02564103,4289,71
7807.69230769,6487,123
5243.58974359,4188,73
6320.51282051,5087,94
2833.33333333,1986,26
7500.0,6191,117
5500.0,4585,78
2833.33333333,2189,26
9243.58974359,7887,151
6012.82051282,4788,88
7089.74358974,6089,109
7397.43589744,6287,115
5450.0,4733,91
2050.0,1738,23
4150.0,3627,65
2100.0,1738,24
2250.0,1733,27
3400.0,2837,50
4800.0,4437,78
1900.0,1729,20
5800.0,4933,98
2150.0,1830,25
3050.0,2433,43
2900.0,2334,40
2750.0,2138,37
3650.0,3136,55
3200.0,2636,46
9300.0,7938,168
6450.0,5837,111
9350.0,8428,169
3750.0,3335,57
1950.0,1436,21
2750.0,2037,37
7350.0,6738,129
1750.0,1536,17
4100.0,3538,64
1600.0,1535,14
4400.0,3438,70
7500.0,6834,132
1800.0,1336,18
7750.0,6639,137
2650.0,2232,35
2950.0,2536,41
2400.0,1935,30
7300.0,6737,128
4200.0,3837,66
1800.0,1334,18
6000.0,5037,102
2800.0,2525,38
5950.0,4938,101
4200.0,3739,66
4950.0,4137,81
3350.0,2935,49
2300.0,2236,28
2600.0,2438,34
5250.0,4433,87
8700.0,7437,156
6500.0,5625,112
3400.0,2834,50
3800.0,3336,58
2600.0,2229,34
4600.0,3934,74
4750.0,4135,77
1750.0,1440,17
5100.0,4136,84
2650.0,2171,35
1850.0,1429,19
5650.0,5036,95
2750.0,2236,37
3800.0,3235,58
7050.0,6039,123
1750.0,1439,17
4850.0,3835,79
6700.0,5538,116
2800.0,2229,38
3700.0,3033,56
2550.0,2138,33
2450.0,2237,31
5450.0,4633,91
8000.0,6734,142
4800.0,4034,78
3600.0,3036,54
6500.0,5633,112
2400.0,2231,30
1950.0,1837,21
5800.0,4936,98
15100.0,12834,284
6500.0,5730,112
3300.0,2737,48
7850.0,6837,139
2450.0,1937,31
2900.0,2234,40
11050.0,9733,203
4200.0,3239,66
7650.0,6531,135
2550.0,2336,33
1900.0,1435,20
1900.0,1433,20
4000.0,3128,62
7800.0,6636,138
2050.0,1533,23
4450.0,3736,71
5900.0,5433,100
7250.0,6026,127
10050.0,8439,183
9550.0,9338,173
6700.0,5631,116
2000.0,1737,22
2200.0,1733,26
2650.0,2136,35
4600.0,3638,74
6050.0,5138,103
6050.0,5337,103
4100.0,3326,64
4600.0,3738,74
2700.0,2134,36
3400.0,3037,50
6050.0,5233,103
7300.0,6138,128
2350.0,1739,29
4250.0,3538,67
9050.0,8138,163
3300.0,2730,48
6100.0,5233,104
3300.0,2737,48
2250.0,1735,27
8550.0,7635,153
3400.0,2836,50
8500.0,7537,152
3350.0,2835,49
11850.0,10138,219
2350.0,1830,29
3600.0,2926,54
3100.0,2836,44
3500.0,2828,52
3400.0,2735,50
8850.0,7536,159
3700.0,3238,56
3300.0,2633,48
3850.0,3131,59
12300.0,10937,228
3550.0,3036,53
3750.0,3027,57
2550.0,2039,33
6850.0,5730,119
5700.0,5037,96
1850.0,1439,19
2100.0,1740,24
6650.0,6032,115
3600.0,3034,54
2300.0,1938,28
4550.0,3738,73
9400.0,8235,170
4200.0,3733,66
3350.0,2803,49
6250.0,5335,107
3650.0,3036,55
11800.0,10233,218
3250.0,2640,47
1950.0,1527,21
8250.0,7036,147
3350.0,2737,49
6700.0,5835,116
8400.0,7339,150
2300.0,1939,28
4100.0,3437,64
5450.0,4635,91
8200.0,6839,146
4550.0,3737,73
14350.0,13037,269
3800.0,3229,58
2250.0,1834,27
3900.0,3434,60
5900.0,5126,100
5200.0,4235,86
8400.0,7030,150
2200.0,1826,26
2200.0,1726,26
9300.0,7832,168
4350.0,3336,69
6000.0,5038,102
3450.0,3039,51
6650.0,5733,115
3850.0,3531,59
2500.0,2039,32
1900.0,1537,20
1900.0,1438,20
4250.0,3436,67
2750.0,2237,37
9100.0,7935,164
2900.0,2235,40
3150.0,2629,45
1750.0,1628,17
6750.0,5835,117
4850.0,3937,79
6300.0,5338,108
4500.0,3836,72
4300.0,3839,68
5400.0,4425,90
5200.0,4838,86
4050.0,3739,63
3500.0,3338,52
3500.0,3337,52
2250.0,1937,27
1850.0,1537,19
4400.0,3639,70
6000.0,5036,102
5600.0,4527,94
3950.0,3629,61
2700.0,2236,36
3500.0,3235,52
3100.0,2629,44
2250.0,1827,27
3300.0,2433,48
8700.0,7638,156
4100.0,3339,64
2600.0,2129,34
4000.0,3229,62
4150.0,3230,65
8350.0,7238,149
3300.0,2732,48
7650.0,6926,135
3650.0,3034,55
6000.0,5036,102
2850.0,2234,39
4900.0,4123,80
2250.0,1827,27
4250.0,3840,67
4500.0,4027,72
6600.0,5737,114
3900.0,3134,60
11950.0,10238,221
4750.0,3937,77
3350.0,3135,49
2450.0,2334,31
4000.0,3236,62
3800.0,3034,58
5350.0,4534,89
3200.0,3028,46
2750.0,2236,37
3550.0,3336,53
1850.0,1837,19
2850.0,2334,39
5750.0,4937,97
3700.0,3029,56
2300.0,1835,28
8250.0,6935,147
3850.0,3233,59
3900.0,3237,60
2350.0,1834,29
8200.0,7034,146
2350.0,2038,29
4700.0,3929,76
4350.0,3534,69
11900.0,10435,220
8600.0,7536,154
5100.0,4536,84
17050.0,14637,323
4300.0,3436,68
4600.0,4137,74
2200.0,1830,26
6400.0,5839,110
4600.0,3738,74
3750.0,3037,57
4100.0,3335,64
9300.0,7939,168
3100.0,2436,44
2300.0,1936,28
3950.0,3239,61
4350.0,3736,69
4150.0,3334,65
14100.0,12839,264
2850.0,2419,39
8650.0,7337,155
3150.0,2527,45
2750.0,2237,37
6450.0,5433,111
14050.0,12729,263
9250.0,8234,167
4450.0,3727,71
4050.0,3538,63
2800.0,2236,38
3700.0,3128,56
4000.0,3427,62
6250.0,5033,107
4900.0,4233,80
8350.0,7034,149
6900.0,6137,120
4100.0,3438,64
1850.0,1537,19
3100.0,2536,44
9100.0,8033,164
2150.0,1730,25
2050.0,1634,23
2150.0,1634,25
4700.0,3925,76
3050.0,2427,43
4650.0,3833,75
6900.0,5738,120
3100.0,2530,44
2750.0,2226,37
7300.0,6136,128
2300.0,1828,28
2450.0,2130,31
16750.0,15134,317
2500.0,1934,32
3800.0,3334,58
7900.0,7036,140
2900.0,2336,40
2900.0,2835,40
4100.0,3325,64
4650.0,3827,75
3300.0,2635,48
2550.0,1934,33
2050.0,1737,23
5200.0,4537,86
4050.0,3331,63
2050.0,1636,23
6750.0,5835,117
5850.0,4839,99
3200.0,2930,46
3100.0,2529,44
2650.0,1935,35
7400.0,6127,130
4150.0,3437,65
2050.0,1526,23
4050.0,3527,63
4650.0,3938,75
5450.0,4630,91
4950.0,3937,81
7300.0,6029,128
2100.0,1627,24
2950.0,2436,41
7300.0,6135,128
4900.0,4238,80
3933.33333333,3507,76
6900.0,7206,165
2300.0,1907,27
2433.33333333,2207,31
2600.0,2307,36
3233.33333333,2906,55
2200.0,1908,24
3633.33333333,3208,67
4066.66666667,3506,80
3566.66666667,3208,65
6133.33333333,5607,142
2433.33333333,2108,31
2433.33333333,2206,31
5566.66666667,5007,125
2466.66666667,2207,32
6100.0,5507,141
3733.33333333,3306,70
3366.66666667,2907,59
3733.33333333,3506,70
3833.33333333,3607,73
3800.0,4208,72
2700.0,2507,39
6500.0,5808,153
2566.66666667,2206,35
2100.0,1906,21
4300.0,4006,87
2733.33333333,2407,40
6066.66666667,5607,140
2633.33333333,2406,37
4500.0,4007,93
8200.0,7607,204
2200.0,2007,24
3433.33333333,3007,61
2233.33333333,1906,25
5566.66666667,5007,125
5466.66666667,5206,122
2533.33333333,2207,34
2066.66666667,1908,20
2366.66666667,2108,29
2666.66666667,2305,38
2966.66666667,2608,47
5233.33333333,4906,115
2200.0,1906,24
3333.33333333,3007,58
2400.0,2008,30
3433.33333333,3006,61
2500.0,2107,33
3966.66666667,4007,77
3633.33333333,3507,67
2133.33333333,1907,22
3166.66666667,2707,53
3766.66666667,3307,71
3566.66666667,3107,65
9100.0,8306,231
2366.66666667,2907,29
5733.33333333,5507,130
4433.33333333,4205,91
5233.33333333,5407,115
3433.33333333,3007,61
6133.33333333,5507,142
4000.0,3507,78
2500.0,2106,33
4600.0,4208,96
3066.66666667,3007,50
2033.33333333,1807,19
1900.0,1707,15
2666.66666667,2506,38
6266.66666667,5906,146
4333.33333333,4106,88
6533.33333333,5907,154
6233.33333333,5607,145
3600.0,3207,66
3433.33333333,3107,61
2633.33333333,2308,37
7200.0,6506,174
3233.33333333,3106,55
7533.33333333,6807,184
3933.33333333,3506,76
2033.33333333,1707,19
3666.66666667,3606,68
2933.33333333,2506,46
4600.0,4106,96
3400.0,3006,60
4200.0,3908,84
2566.66666667,2206,35
7533.33333333,6805,184
2266.66666667,2007,26
5100.0,4506,111
2633.33333333,2407,37
3166.66666667,2806,53
6500.0,6107,153
5933.33333333,5407,136
3033.33333333,2707,49
3633.33333333,3206,67
5433.33333333,5107,121
5633.33333333,5106,127
6266.66666667,5606,146
6300.0,5708,147
3966.66666667,3607,77
5233.33333333,4607,115
4266.66666667,4107,86
5133.33333333,4607,112
2266.66666667,2207,26
2966.66666667,2607,47
4933.33333333,4506,106
2000.0,2007,18
6033.33333333,5407,139
9300.0,8507,237
6033.33333333,5406,139
2433.33333333,2107,31
2966.66666667,2605,47
2700.0,2807,39
5066.66666667,4508,110
7200.0,6706,174
4200.0,3807,84
4200.0,3808,84
3566.66666667,3106,65
12500.0,11505,333
3566.66666667,3506,65
7333.33333333,6807,178
7133.33333333,6607,172
2566.66666667,2507,35
5966.66666667,5407,137
5533.33333333,5007,124
2433.33333333,2007,31
5766.66666667,5406,131
4966.66666667,4407,107
3633.33333333,3505,67
4333.33333333,3806,88
3833.33333333,3407,73
4733.33333333,4206,100
4200.0,3707,84
5400.0,6508,120
1966.66666667,3507,17
6200.0,5806,144
7466.66666667,6808,182
4533.33333333,4006,94
3900.0,3508,75
5300.0,4908,117
3266.66666667,2906,56
2066.66666667,3008,20
2966.66666667,3307,47
3533.33333333,3108,64
6066.66666667,5706,140
3333.33333333,2908,58
3366.66666667,3507,59
4800.0,4307,102
4966.66666667,4706,107
4766.66666667,4607,101
5833.33333333,5506,133
6866.66666667,6207,164
5566.66666667,5307,125
4733.33333333,4807,100
3500.0,4206,63
4566.66666667,5807,95
6866.66666667,6206,164
4966.66666667,4508,107
6366.66666667,6008,149
9266.66666667,9106,236
6966.66666667,6807,167
4033.33333333,3606,79
2433.33333333,2406,31
4333.33333333,4507,88
3866.66666667,3706,74
3833.33333333,3606,73
4233.33333333,4205,85
2400.0,2307,30
6866.66666667,6207,164
3566.66666667,3107,65
6833.33333333,7007,163
2066.66666667,1807,20
3033.33333333,2808,49
6700.0,6207,159
4033.33333333,3708,79
2666.66666667,2707,38
4600.0,4007,96
4033.33333333,4106,79
2600.0,2908,36
2966.66666667,2907,47
3600.0,3706,66
5900.0,5406,135
4066.66666667,3607,80
3833.33333333,4006,73
4500.0,4607,93
2000.0,2306,18
7233.33333333,6607,175
9733.33333333,9007,250
1966.66666667,1908,17
2300.0,2107,27
2766.66666667,2807,41
7100.0,6407,171
4133.33333333,4106,82
6033.33333333,5607,139
7033.33333333,7306,169
2233.33333333,2107,25
2533.33333333,2206,34
2433.33333333,2107,31
11766.6666667,12107,311
6000.0,6307,138
6233.33333333,5906,145
2533.33333333,2707,34
4266.66666667,4007,86
3800.0,4506,72
6833.33333333,6707,163
4333.33333333,3906,88
7866.66666667,7207,194
1833.33333333,1908,13
3033.33333333,2807,49
5500.0,5107,123
2900.0,2706,45
6600.0,6007,156
2566.66666667,3008,35
6400.0,6506,150
2100.0,2506,21
3133.33333333,3106,52
3600.0,3507,66
5600.0,5207,126
6966.66666667,6306,167
4566.66666667,4208,95
3633.33333333,3307,67
3700.0,3406,69
3033.33333333,2607,49
3300.0,3007,57
1833.33333333,1706,13
2033.33333333,1808,19
6633.33333333,6007,157
3000.0,3007,48
6366.66666667,5907,149
4100.0,3707,81
2333.33333333,2007,28
3466.66666667,3007,62
3766.66666667,3506,71
3900.0,3707,75
5133.33333333,4806,112
1966.66666667,1806,17
4166.66666667,3807,83
5600.0,5107,126
5133.33333333,4707,112
4933.33333333,4406,106
5766.66666667,5207,131
3966.66666667,3706,77
3533.33333333,3307,64
5833.33333333,5206,133
4033.33333333,3607,79
4100.0,4108,81
4433.33333333,3906,91
4333.33333333,3906,88
3366.66666667,3107,59
3166.66666667,3007,53
7600.0,7008,186
2100.0,1707,21
2733.33333333,2307,40
3233.33333333,3407,55
6233.33333333,5707,145
6900.0,6606,165
2533.33333333,2207,34
3733.33333333,3607,70
3466.66666667,3006,62
4500.0,4007,93
2200.0,2007,24
5033.33333333,5106,109
4166.66666667,4207,83
5466.66666667,5207,122
6633.33333333,6106,157
4466.66666667,3906,92
3900.0,3707,75
5933.33333333,5506,136
6066.66666667,5808,140
2500.0,2406,33
3766.66666667,3306,71
6833.33333333,6305,163
4600.0,4106,96
3333.33333333,3107,58
3300.0,3006,57
4900.0,4506,105
2433.33333333,2307,31
6933.33333333,6506,166
5733.33333333,5207,130
2633.33333333,2306,37
3966.66666667,3507,77
4800.0,4407,102
3333.33333333,2906,58
6200.0,5806,144
2466.66666667,2208,32
2766.66666667,2407,41
3933.33333333,3506,76
4866.66666667,4508,104
3433.33333333,3008,61
7100.0,6707,171
3800.0,3308,72
3000.0,2607,48
2766.66666667,2407,41
2200.0,2007,24
5900.0,5306,135
3266.66666667,2906,56
2200.0,1907,24
6500.0,5907,153
5233.33333333,4905,115
7266.66666667,6707,176
2066.66666667,1907,20
5466.66666667,4908,122
3400.0,3108,60
5333.33333333,4807,118
4200.0,3707,84
6700.0,6207,159
4833.33333333,4306,103
3400.0,3107,60
6666.66666667,6007,158
6966.66666667,6307,167
6800.0,6106,162
4900.0,4506,105
3733.33333333,3406,70
2800.0,2406,42
4766.66666667,4408,101
6533.33333333,5907,154
2466.66666667,2207,32
3166.66666667,2909,53
2833.33333333,2507,43
5066.66666667,4507,110
4466.66666667,4008,92
5133.33333333,4607,112
6700.0,6106,159
1966.66666667,1807,17
8400.0,7907,210
2600.0,2408,36
7133.33333333,6506,172
2033.33333333,1806,19
6966.66666667,6406,167
6733.33333333,6208,160
2000.0,1807,18
8466.66666667,7707,212
2566.66666667,2306,35
2500.0,2407,33
3566.66666667,3105,65
3666.66666667,3207,68
7000.0,6306,168
6733.33333333,6206,160
2066.66666667,1807,20
6566.66666667,5907,155
3400.0,3006,60
2533.33333333,2207,34
4933.33333333,4506,106
2966.66666667,2606,47
3066.66666667,2907,50
2600.0,2206,36
2400.0,2007,30
1966.66666667,1807,17
4800.0,4406,102
3900.0,3607,75
7700.0,7107,189
2400.0,2207,30
2600.0,2206,36
2166.66666667,1807,23
3966.66666667,3608,77
4766.66666667,4307,101
3766.66666667,3606,71
5466.66666667,5006,122
7866.66666667,7208,194
4433.33333333,4006,91
4766.66666667,4306,101
3966.66666667,3506,77
3733.33333333,3407,70
3666.66666667,3606,68
5466.66666667,5008,122
2566.66666667,2307,35
3766.66666667,3407,71
5266.66666667,4708,116
5766.66666667,5308,131
4866.66666667,4306,104
7200.0,6507,174
3933.33333333,3607,76
4433.33333333,4006,91
8900.0,8107,225
2766.66666667,2507,41
3833.33333333,3406,73
6433.33333333,5806,151
5266.66666667,4806,116
4533.33333333,4008,94
2333.33333333,2106,28
10233.3333333,9408,265
2033.33333333,1807,19
2566.66666667,2207,35
6266.66666667,5908,146
2533.33333333,2208,34
4066.66666667,3706,80
4933.33333333,4207,106
3166.66666667,2807,53
5800.0,5306,132
2566.66666667,2207,35
5066.66666667,4507,110
2533.33333333,2306,34
4200.0,3706,84
6133.33333333,5507,142
9833.33333333,8906,253
6066.66666667,5706,140
3133.33333333,2807,52
2566.66666667,2207,35
4566.66666667,4106,95
6633.33333333,6106,157
2633.33333333,2307,37
5433.33333333,4907,121
5300.0,4808,117
4966.66666667,4507,107
2766.66666667,2506,41
7133.33333333,6507,172
2233.33333333,2107,25
2933.33333333,2507,46
4900.0,4406,105
4366.66666667,4006,89
3466.66666667,3007,62
1900.0,1706,15
4833.33333333,4307,103
1300.0,1842,50
3660.0,4243,168
1840.0,2844,77
2820.0,4542,126
860.0,1345,28
2480.0,3141,109
3400.0,3941,155
2040.0,2445,87
860.0,1340,28
1800.0,2242,75
6120.0,6440,291
3300.0,3840,150
2260.0,5044,98
4060.0,4541,188
1760.0,3536,73
1900.0,2330,80
1860.0,2240,78
1860.0,5137,78
3940.0,4437,182
1200.0,1636,45
2280.0,5637,99
2300.0,2841,100
2380.0,2841,104
3360.0,4539,153
1220.0,1737,46
2600.0,5641,115
1480.0,3141,59
4280.0,4641,199
840.0,2236,27
1780.0,2139,74
2940.0,3237,132
5680.0,6042,269
2500.0,3537,110
4240.0,4638,197
3640.0,4137,167
4200.0,4735,195
3120.0,3540,141
1600.0,2039,65
2900.0,3444,130
6020.0,6339,286
2380.0,3244,104
3740.0,4141,172
4280.0,4740,199
3200.0,3640,145
1680.0,2145,69
6360.0,6640,303
2580.0,3140,114
2800.0,3240,125
1100.0,2341,40
1480.0,1943,59
1240.0,1640,47
660.0,1045,18
1480.0,1844,59
3960.0,4340,183
1360.0,1644,53
1340.0,1744,52
1580.0,2340,64
3020.0,3540,136
2760.0,3139,123
1800.0,3941,75
1040.0,3440,37
1560.0,2138,63
3560.0,3939,163
2280.0,2740,99
3660.0,3941,168
5360.0,5741,253
3560.0,3942,163
1780.0,2142,74
1200.0,2843,45
3040.0,4240,137
3000.0,3443,135
1080.0,1645,39
2020.0,2541,86
4020.0,4339,186
2300.0,2743,100
2720.0,3143,121
4920.0,5445,231
2900.0,3344,130
2620.0,3142,116
2580.0,3144,114
2660.0,3044,118
2800.0,3344,125
2600.0,4445,115
2540.0,2839,112
920.0,2041,31
3280.0,3644,149
1700.0,3744,70
3580.0,3945,164
2300.0,2740,100
2640.0,5040,117
3360.0,4644,153
860.0,1240,28
2540.0,2941,112
5300.0,5741,250
3540.0,4245,162
3000.0,3440,135
2900.0,5239,130
4280.0,4540,199
1900.0,2540,80
4520.0,4840,211
2340.0,2736,102
3760.0,4342,173
860.0,2537,28
1760.0,2441,73
1960.0,2436,83
6120.0,6545,291
2140.0,4639,92
4400.0,4840,205
880.0,2441,29
2580.0,3136,114
1040.0,1537,37
5040.0,5537,237
2560.0,2937,113
900.0,2342,30
3220.0,3641,146
1700.0,4740,70
2260.0,3636,98
4280.0,4644,199
900.0,2137,30
1500.0,2541,60
2700.0,3037,120
2700.0,5443,120
1700.0,2143,70
1460.0,1843,58
2200.0,2640,95
1040.0,1441,37
5140.0,5540,242
3740.0,4143,172
6020.0,6439,286
880.0,1943,29
2300.0,2844,100
1460.0,2443,58
4040.0,4540,187
3760.0,4841,173
3960.0,4441,183
1900.0,4641,80
1940.0,2339,82
3440.0,3843,157
1520.0,3641,61
2920.0,3642,131
2020.0,4639,86
980.0,2943,34
2920.0,4140,131
1560.0,3242,63
2720.0,3240,121
1780.0,2340,74
780.0,1144,24
2980.0,3339,134
2520.0,3239,111
1480.0,3439,59
1120.0,2444,41
2080.0,4340,89
3500.0,4345,160
1600.0,2344,65
3460.0,3944,158
1580.0,3344,64
1200.0,2241,45
620.0,1042,16
1100.0,1440,40
720.0,1341,21
2200.0,4240,95
3120.0,3643,141
820.0,2040,26
1360.0,1741,53
3100.0,3440,140
3560.0,3942,163
1280.0,1645,49
860.0,1341,28
2980.0,3343,134
2020.0,3440,86
4200.0,4640,195
2320.0,2644,101
1280.0,2091,49
880.0,1343,29
1580.0,2145,64
4460.0,4844,208
2640.0,3144,117
1420.0,1739,56
940.0,1342,32
1880.0,2745,79
4860.0,5239,228
1700.0,3541,70
1640.0,3842,67
1140.0,1540,42
6240.0,6645,297
2480.0,2942,109
1560.0,2043,63
1580.0,4545,64
1220.0,1640,46
1080.0,1540,39
920.0,1443,31
2600.0,2942,115
1600.0,2141,65
1740.0,4143,72
2200.0,2640,95
1180.0,1745,44
3120.0,3541,141
1460.0,1838,58
2680.0,3243,119
2760.0,3144,123
2120.0,3941,91
1300.0,1839,50
1420.0,1944,56
4460.0,4941,208
1520.0,1943,61
2940.0,3340,132
2260.0,4243,98
1520.0,2045,61
2160.0,2739,93
3620.0,4044,166
980.0,1845,34
1880.0,2341,79
2460.0,2743,108
1880.0,3139,79
2720.0,5245,121
2480.0,2944,109
3000.0,3546,135
3460.0,3841,158
1740.0,2139,72
2500.0,3441,110
1960.0,2841,83
3760.0,4045,173
3120.0,3541,141
3340.0,3843,152
1760.0,2140,73
1140.0,1843,42
4760.0,5145,223
2340.0,2640,102
3020.0,3440,136
2680.0,3145,119
1180.0,1642,44
1540.0,4940,62
5400.0,5944,255
3380.0,3738,154
2760.0,3244,123
1860.0,3142,78
3480.0,3941,159
1960.0,2346,83
3520.0,5744,161
6680.0,7040,319
2920.0,3443,131
1160.0,3440,43
5300.0,5844,250
3480.0,5044,159
6620.0,7041,316
3200.0,3744,145
6440.0,6841,307
1520.0,2241,61
1840.0,3445,77
660.0,1440,18
1320.0,1744,51
1420.0,2841,56
2640.0,3045,117
1460.0,1841,58
1900.0,2839,80
3620.0,4045,166
1680.0,2042,69
2900.0,4941,130
2520.0,3042,111
1100.0,2339,40
2220.0,2640,96
3300.0,3842,150
2620.0,3041,116
2640.0,3040,117
1940.0,2345,82
3540.0,3941,162
1160.0,1944,43
2140.0,2545,92
2520.0,3240,111
3120.0,3544,141
2760.0,3143,123
620.0,1841,16
2660.0,3039,118
1760.0,2144,73
780.0,1240,24
3220.0,3640,146
1460.0,1940,58
1940.0,2439,82
980.0,1440,34
2480.0,3043,109
2820.0,3343,126
2200.0,2740,95
740.0,1240,22
1520.0,3040,61
1020.0,1545,36
2500.0,2840,110
1500.0,1841,60
2120.0,2639,91
3320.0,3741,151
2380.0,2741,104
5000.0,5440,235
940.0,2744,32
2440.0,2942,107
1460.0,1839,58
1860.0,2243,78
3280.0,3742,149
2480.0,2944,109
4860.0,5240,228
1060.0,2639,38
2340.0,2841,102
1420.0,1843,56
2420.0,2740,106
3240.0,3840,147
740.0,1444,22
2420.0,3844,106
2480.0,2938,109
2340.0,2741,102
1440.0,1842,57
2860.0,3243,128
1160.0,1543,43
1680.0,5539,69
1600.0,2442,65
3140.0,3640,142
