6600.0,13997,44
6150.0,12417,41
5250.0,12102,35
6150.0,12311,41
6750.0,14523,45
8100.0,16835,54
9300.0,19046,62
9300.0,18941,62
1950.0,3934,13
5250.0,10841,35
5550.0,11365,37
4500.0,9577,30
5700.0,11807,38
4500.0,9261,30
5850.0,11998,39
5850.0,12102,39
8850.0,18678,59
5700.0,11892,38
9300.0,19046,62
5250.0,11051,35
8850.0,18541,59
4800.0,10211,32
5400.0,10630,36
760.0,2434,23
700.0,2136,20
1360.0,4837,53
1360.0,4837,53
860.0,2832,28
1040.0,3037,37
780.0,2336,24
1380.0,4831,54
780.0,2338,24
1380.0,5032,54
800.0,2232,25
880.0,3027,29
720.0,2038,21
900.0,2834,30
960.0,3230,33
960.0,3133,33
940.0,3231,32
940.0,3033,32
1560.0,5325,63
1840.0,6428,77
1420.0,4730,56
840.0,2831,27
820.0,2629,26
820.0,2530,26
1000.0,3434,35
1000.0,3134,35
1560.0,5623,63
740.0,2027,22
1060.0,3728,38
1020.0,3329,36
660.0,2028,18
620.0,1736,16
800.0,2631,25
1120.0,3633,41
620.0,1735,16
1100.0,3632,40
640.0,1730,17
1240.0,4334,47
980.0,2930,34
600.0,1829,15
1120.0,3928,41
1460.0,5129,58
1180.0,3932,44
1120.0,3798,41
1280.0,4301,49
1060.0,3597,38
1080.0,3707,39
1480.0,5097,59
820.0,2797,26
1440.0,5104,57
1120.0,3798,41
1080.0,3701,39
840.0,2702,27
740.0,2302,22
1080.0,3800,39
940.0,2802,32
1760.0,6300,73
1080.0,3698,39
1320.0,4799,51
1060.0,3598,38
1580.0,5595,64
1020.0,3501,36
960.0,3298,33
900.0,3101,30
1480.0,5299,59
1500.0,5395,60
1460.0,5296,58
740.0,2302,22
1160.0,3798,43
740.0,2299,22
720.0,2195,21
980.0,3499,34
740.0,1992,22
740.0,1996,22
1640.0,5797,67
740.0,1991,22
1200.0,4196,45
600.0,1798,15
600.0,1702,15
640.0,1895,17
600.0,1698,15
640.0,1999,17
780.0,2504,24
1300.0,4398,50
1160.0,3801,43
820.0,2600,26
1460.0,5198,58
1540.0,5494,62
2576.92307692,1790,21
2576.92307692,1689,21
3141.02564103,2089,32
2987.17948718,2186,29
2628.20512821,1886,22
2320.51282051,1587,16
3500.0,2387,39
3038.46153846,2286,30
2782.05128205,2089,25
3500.0,2486,39
2884.61538462,2091,27
5294.87179487,4086,74
2679.48717949,1890,23
3192.30769231,2186,33
2628.20512821,1690,22
4371.79487179,3287,56
3705.12820513,2787,43
3294.87179487,2288,35
2576.92307692,1687,21
4269.23076923,3088,54
2628.20512821,1887,22
3653.84615385,2590,42
2935.8974359,2088,28
2371.79487179,1488,17
2833.33333333,2086,26
4012.82051282,2887,49
2474.35897436,1790,19
3346.15384615,2487,36
3551.28205128,2487,40
3192.30769231,2388,33
3500.0,2387,39
4064.1025641,3186,50
3397.43589744,2390,37
3602.56410256,2688,41
2628.20512821,1887,22
4628.20512821,3587,61
4166.66666667,2989,52
2423.07692308,1787,18
2269.23076923,1590,15
3448.71794872,2389,38
4217.94871795,3288,53
3705.12820513,2790,43
2576.92307692,1886,21
4525.64102564,3389,59
2525.64102564,1587,20
2474.35897436,1789,19
4320.51282051,3387,55
4320.51282051,3388,55
2320.51282051,1691,16
2884.61538462,2087,27
4525.64102564,3386,59
2371.79487179,1690,17
5243.58974359,4090,73
3756.41025641,2888,44
3448.71794872,2386,38
3653.84615385,2786,42
3448.71794872,2387,38
3141.02564103,2091,32
4423.07692308,3486,57
3397.43589744,2386,37
3653.84615385,2590,42
3243.58974359,2387,34
3192.30769231,2186,33
3397.43589744,2589,37
3551.28205128,2486,40
3141.02564103,2388,32
2320.51282051,1591,16
3243.58974359,2289,34
2833.33333333,2088,26
3243.58974359,2289,34
3346.15384615,2387,36
2525.64102564,1587,20
2525.64102564,1587,20
2423.07692308,1788,18
2000.0,1539,22
3900.0,3327,60
2100.0,1933,24
2850.0,2239,39
2250.0,1939,27
2250.0,1636,27
3200.0,2633,46
2650.0,2028,35
2900.0,2232,40
4600.0,4038,74
2550.0,1939,33
2250.0,1938,27
2150.0,1728,25
2000.0,1637,22
1950.0,1427,21
2800.0,2134,38
3100.0,2437,44
2550.0,2239,33
4350.0,3430,69
2750.0,2340,37
1900.0,1433,20
2700.0,2136,36
1950.0,1429,21
3850.0,3337,59
4350.0,3438,69
2700.0,2138,36
1750.0,1234,17
1900.0,1432,20
2950.0,2237,41
1900.0,1439,20
1700.0,1239,16
2700.0,2133,36
2700.0,2137,36
2850.0,2135,39
2000.0,1438,22
2200.0,1930,26
2600.0,2039,34
2600.0,2035,34
3100.0,2537,44
2000.0,1438,22
3150.0,2431,45
2600.0,2031,34
3300.0,2835,48
2500.0,2130,32
1650.0,1234,15
2750.0,2328,37
3350.0,2738,49
1700.0,1228,16
2200.0,1733,26
2500.0,1837,32
1750.0,1334,17
2250.0,1725,27
1900.0,1436,20
3900.0,3134,60
1700.0,1327,16
2300.0,1735,28
4250.0,3538,67
1900.0,1536,20
2750.0,2237,37
3850.0,3234,59
3900.0,3134,60
3700.0,3233,56
2350.0,1726,29
3500.0,3037,52
2550.0,1932,33
2100.0,1535,24
2050.0,1735,23
2400.0,1837,30
1950.0,1436,21
4100.0,3537,64
3100.0,2534,44
2850.0,2137,39
1750.0,1226,17
4050.0,3436,63
1750.0,1227,17
2150.0,1730,25
3450.0,2737,51
1750.0,1327,17
2350.0,1728,29
3050.0,2638,43
2300.0,1735,28
2850.0,2428,39
2400.0,1835,30
2850.0,2426,39
2900.0,2227,40
2350.0,1831,29
3850.0,3037,59
1800.0,1432,18
2050.0,1536,23
1750.0,1229,17
2250.0,1638,27
1750.0,1228,17
2350.0,2038,29
2300.0,1735,28
1750.0,1337,17
2350.0,1935,29
2250.0,2028,27
2050.0,1535,23
2250.0,1638,27
1750.0,1336,17
1950.0,1433,21
2850.0,2334,39
2300.0,1736,28
2450.0,1929,31
2600.0,1934,34
2100.0,1528,24
2550.0,2034,33
2550.0,1937,33
2000.0,1535,22
1850.0,1328,19
3450.0,2838,51
3200.0,2637,46
2433.33333333,2407,31
2500.0,2506,33
1933.33333333,1908,16
2566.66666667,2507,35
1966.66666667,1806,17
1866.66666667,1907,14
2433.33333333,2306,31
2800.0,2708,42
2900.0,2908,45
1933.33333333,1906,16
2833.33333333,2708,43
2100.0,2006,21
1933.33333333,1807,16
2300.0,2307,27
1933.33333333,1706,16
2400.0,2307,30
2000.0,2007,18
1900.0,1707,15
3266.66666667,2907,56
2300.0,2306,27
2733.33333333,2707,40
1933.33333333,1907,16
3033.33333333,2907,49
2033.33333333,1806,19
2000.0,2008,18
2166.66666667,2107,23
3166.66666667,2905,53
2000.0,1907,18
2500.0,2507,33
2966.66666667,3008,47
2666.66666667,2308,38
3766.66666667,3406,71
2000.0,1906,18
3266.66666667,3707,56
2333.33333333,2306,28
2533.33333333,2707,34
3366.66666667,3206,59
2900.0,3107,45
3666.66666667,3607,68
2200.0,2507,24
2800.0,2707,42
2633.33333333,2408,37
2200.0,2107,24
2666.66666667,2906,38
2233.33333333,3707,25
3833.33333333,3808,73
2233.33333333,2306,25
2333.33333333,2706,28
2600.0,2508,36
2233.33333333,2206,25
2900.0,2806,45
2700.0,2807,39
1966.66666667,2105,17
2133.33333333,2308,22
2666.66666667,2706,38
2466.66666667,2808,32
2933.33333333,2807,46
2100.0,1807,21
1933.33333333,3807,16
3166.66666667,3908,53
2866.66666667,2707,44
1933.33333333,2106,16
2966.66666667,2806,47
2033.33333333,2107,19
1933.33333333,2106,16
1933.33333333,2007,16
2066.66666667,2106,20
2000.0,2007,18
2800.0,2706,42
2066.66666667,2107,20
2266.66666667,2107,26
2133.33333333,2007,22
2100.0,2006,21
2200.0,2205,24
2733.33333333,2706,40
2400.0,2306,30
2333.33333333,2206,28
2100.0,2107,21
2066.66666667,2107,20
2566.66666667,2606,35
2066.66666667,2106,20
1900.0,1907,15
2033.33333333,2007,19
3166.66666667,2907,53
2033.33333333,2006,19
2700.0,2607,39
2033.33333333,2008,19
1933.33333333,1906,16
2033.33333333,1907,19
1900.0,1706,15
3133.33333333,3207,52
2633.33333333,2606,37
2366.66666667,2207,29
2666.66666667,2507,38
1966.66666667,1807,17
2700.0,2607,39
2366.66666667,2206,29
3000.0,2807,48
2366.66666667,2407,29
2366.66666667,2206,29
1933.33333333,1808,16
2466.66666667,2306,32
2000.0,1908,18
3300.0,3207,57
2300.0,2207,27
2466.66666667,2407,32
2866.66666667,2806,44
2666.66666667,2606,38
3166.66666667,3008,53
2600.0,2506,36
2266.66666667,2207,26
2633.33333333,2607,37
2066.66666667,2008,20
2533.33333333,2407,34
2633.33333333,2406,37
2933.33333333,2907,46
1933.33333333,1906,16
1100.0,3440,40
1140.0,3539,42
1580.0,5545,64
1620.0,5641,66
1120.0,3740,41
840.0,2637,27
1140.0,3739,42
1120.0,3645,41
840.0,2641,27
880.0,2744,29
580.0,1539,14
880.0,2841,29
760.0,2039,23
1260.0,4443,48
840.0,2739,27
660.0,1939,18
520.0,1440,11
1540.0,5444,62
880.0,2843,29
1560.0,5641,63
1420.0,4838,56
1520.0,5137,61
840.0,2740,27
840.0,2745,27
1300.0,4440,50
1500.0,5344,60
1320.0,4240,51
1220.0,4140,46
1040.0,3445,37
1120.0,3841,41
1200.0,3945,45
1140.0,3640,42
620.0,1945,16
640.0,1940,17
640.0,1840,17
780.0,2440,24
880.0,2943,29
900.0,2841,30
1260.0,4344,48
