20.2,24,86
38.6,42,178
19.8,25,84
29.4,35,132
23.6,56,103
21.4,26,92
29.0,33,130
13.4,35,52
17.0,29,70
27.0,32,120
22.0,31,95
8.6,14,28
16.8,22,69
50.0,55,235
19.6,41,83
9.2,15,31
47.2,52,221
11.6,25,43
38.4,43,177
31.0,37,140
16.8,22,69
35.8,40,164
18.0,29,75
33.4,38,152
12.8,25,49
14.8,28,59
33.4,38,152
18.4,30,77
34.6,40,158
30.0,38,135
18.6,34,78
32.6,38,148
18.8,31,79
16.0,41,65
7.8,15,24
15.2,20,61
14.6,45,58
10.8,17,39
38.4,44,177
49.0,55,230
37.2,42,171
21.0,26,90
7.2,14,21
25.6,30,113
30.8,36,139
28.6,34,128
38.2,43,176
16.4,22,67
22.4,29,97
32.8,37,149
24.8,29,109
23.2,35,101
15.8,21,64
11.4,17,42
8.2,14,26
22.2,28,96
43.4,48,202
20.6,26,88
35.2,39,161
69.8,75,334
11.0,17,40
12.6,17,48
15.6,21,63
22.0,27,95
42.8,49,199
22.0,26,95
37.6,43,173
32.4,40,147
27.2,33,121
14.8,21,59
22.6,34,98
15.8,21,64
18.6,24,78
25.0,30,110
18.2,22,76
27.6,33,123
14.4,19,57
27.6,34,123
32.8,36,149
19.0,25,80
18.4,23,77
14.0,19,55
21.6,27,93
56.6,61,268
18.8,23,79
25.8,31,114
10.2,16,36
15.0,33,60
22.2,32,96
7.8,13,24
18.8,24,79
25.4,30,112
5.8,11,14
18.6,31,78
16.0,37,65
10.8,18,39
23.8,28,104
25.0,30,110
20.8,35,89
17.4,23,72
10.8,20,39
29.0,34,130
21.2,48,91
17.8,61,74
34.4,39,157
47.2,52,221
23.6,29,103
28.0,34,125
36.6,41,168
9.6,14,33
46.0,50,215
20.6,26,88
38.0,43,175
27.4,33,122
8.8,13,29
25.4,29,112
22.0,37,95
30.6,35,138
33.0,39,150
8.6,13,28
33.2,37,151
28.6,33,128
57.0,63,270
29.8,52,134
49.6,54,233
20.0,24,85
15.4,20,62
20.0,26,85
56.2,61,266
30.6,35,138
34.0,54,155
31.0,36,140
23.4,29,102
39.6,44,183
29.8,35,134
28.4,32,127
48.6,53,228
22.0,29,95
45.8,52,214
30.8,35,139
13.4,18,52
25.4,30,112
22.0,38,95
19.6,24,83
13.0,18,50
32.0,37,145
14.8,19,59
42.4,48,197
13.6,18,53
33.8,39,154
50.8,55,239
24.2,29,106
11.0,21,40
29.4,34,132
10.0,31,35
26.2,31,116
34.2,40,156
8.0,13,25
10.6,23,38
56.0,61,265
11.2,17,41
28.4,34,127
38.4,44,177
34.2,39,156
24.0,30,105
27.6,33,123
32.2,37,146
36.2,41,166
15.8,40,64
6.2,18,16
34.4,39,157
18.0,23,75
40.6,45,188
29.4,35,132
32.2,37,146
37.0,42,170
13.8,25,54
34.6,39,158
38.4,44,177
12.2,20,46
36.6,41,168
20.6,25,88
29.8,36,134
12.0,16,45
20.6,36,88
17.2,22,71
26.6,32,118
33.0,38,150
15.0,20,60
15.0,31,60
23.4,29,102
32.4,37,147
19.4,24,82
27.2,32,121
34.2,38,156
15.2,19,61
16.2,20,66
50.0,54,235
16.4,21,67
6.8,18,19
23.6,28,103
35.2,40,161
15.4,22,62
24.8,30,109
17.0,24,70
27.4,32,122
37.0,42,170
16.0,21,65
15.6,25,63
50.0,55,235
27.2,46,121
26.6,32,118
6.8,16,19
13.0,35,50
36.2,42,166
29.8,35,134
15.8,27,64
14.6,20,58
32.2,38,146
55.2,59,261
35.4,40,162
16.6,21,68
18.6,25,78
16.4,21,67
15.2,35,61
36.6,41,168
9.8,31,34
33.4,39,152
16.0,22,65
23.4,28,102
57.0,63,270
26.6,35,118
10.4,29,37
19.4,25,82
28.0,33,125
24.4,30,107
23.2,28,101
25.6,35,113
11.4,25,42
20.8,42,89
48.4,52,227
27.6,32,123
33.8,55,154
11.6,16,43
18.6,36,78
38.2,43,176
18.0,51,75
26.0,30,115
21.4,40,92
9.2,30,31
37.8,43,174
38.4,54,177
16.6,21,68
33.8,39,154
57.8,63,274
8.0,14,25
7.2,19,21
13.4,18,52
21.2,31,91
23.4,29,102
7.8,24,24
24.4,28,107
23.8,35,104
38.0,43,175
11.8,18,44
15.8,32,64
34.0,38,155
19.2,25,81
7.6,25,23
7.0,14,20
31.8,45,144
67.8,73,324
17.6,22,73
21.4,26,92
32.8,38,149
20.0,25,85
15.0,20,60
10.4,29,37
28.2,46,126
68.8,74,329
16.4,22,67
20.2,24,86
26.0,30,115
15.8,22,64
33.0,37,150
8.4,19,27
22.8,28,99
35.2,40,161
28.2,33,126
44.2,48,206
29.0,33,130
19.8,25,84
13.4,19,52
8.6,16,28
38.0,43,175
20.8,43,89
35.4,41,162
19.2,23,81
54.4,60,257
11.4,28,42
22.0,27,95
42.0,47,195
38.0,43,175
13.6,18,53
22.8,28,99
7.6,14,23
19.2,25,81
17.8,23,74
20.8,26,89
38.0,44,175
13.0,19,50
23.0,28,100
36.4,42,167
10.2,31,36
41.0,46,190
23.8,29,104
8.0,14,25
15.6,20,63
19.8,29,84
38.2,44,176
34.8,39,159
9.2,15,31
31.4,36,142
15.4,20,62
22.4,43,97
18.6,33,78
12.4,35,47
15.4,20,62
44.2,48,206
7.4,12,22
32.0,38,145
18.6,23,78
38.0,57,175
25.6,31,113
27.2,33,121
12.6,18,48
29.2,33,131
36.4,41,167
18.0,24,75
11.2,36,41
25.0,30,110
13.4,18,52
29.2,34,131
13.4,24,52
35.8,41,164
16.0,21,65
34.8,39,159
16.2,28,66
27.6,34,123
19.6,25,83
29.8,39,134
28.8,51,129
9.0,22,30
19.4,25,82
46.2,52,216
36.8,42,169
31.8,38,144
53.2,57,251
22.2,27,96
15.2,52,61
18.0,50,75
36.6,41,168
21.6,25,93
16.4,21,67
58.2,63,276
34.6,49,158
16.4,38,67
