30.8974358974,25,31
74.4871794872,62,116
39.1025641026,30,47
24.7435897436,17,19
81.6666666667,71,130
60.641025641,50,89
74.4871794872,61,116
46.7948717949,37,62
41.6666666667,33,52
41.1538461538,33,51
62.1794871795,51,92
89.358974359,77,145
36.5384615385,29,42
46.2820512821,36,61
93.4615384615,54,153
83.7179487179,71,134
46.2820512821,36,61
52.4358974359,41,73
31.9230769231,23,33
51.4102564103,43,71
172.435897436,150,307
60.641025641,49,89
45.7692307692,35,60
40.641025641,31,50
45.7692307692,36,60
54.4871794872,45,77
42.6923076923,35,54
66.7948717949,55,101
34.4871794872,25,38
72.4358974359,62,112
82.6923076923,69,132
53.4615384615,45,75
36.0256410256,29,41
42.6923076923,35,54
43.2051282051,36,55
87.8205128205,74,142
28.3333333333,20,26
55.5128205128,46,79
180.641025641,157,323
32.4358974359,25,34
53.9743589744,46,76
91.4102564103,76,149
35.5128205128,27,40
27.8205128205,21,25
47.3076923077,39,63
32.9487179487,24,35
32.9487179487,24,35
24.2307692308,18,18
53.4615384615,42,75
41.6666666667,34,52
42.1794871795,35,53
31.9230769231,23,33
22.6923076923,17,15
86.7948717949,75,140
105.256410256,90,176
35.5128205128,26,40
24.2307692308,18,18
37.5641025641,28,44
45.2564102564,37,59
22.1794871795,14,14
184.230769231,161,330
39.1025641026,32,47
48.8461538462,39,66
100.641025641,85,167
35.0,26,39
24.7435897436,19,19
62.1794871795,53,92
102.179487179,90,170
72.4358974359,63,112
25.7692307692,17,21
26.7948717949,20,23
29.358974359,23,28
102.692307692,87,171
80.1282051282,66,127
32.4358974359,23,34
36.0256410256,27,41
34.4871794872,25,38
101.153846154,89,168
76.5384615385,66,120
62.6923076923,54,93
100.128205128,85,166
79.1025641026,69,125
38.0769230769,29,45
82.1794871795,68,131
42.6923076923,33,54
26.7948717949,18,23
39.1025641026,29,47
99.6153846154,87,165
56.5384615385,45,81
71.9230769231,60,111
121.666666667,107,208
81.1538461538,71,129
92.4358974359,78,151
58.5897435897,47,85
59.1025641026,47,86
61.1538461538,49,90
70.8974358974,62,109
89.358974359,78,145
46.7948717949,36,62
62.6923076923,51,93
35.0,26,39
44.2307692308,33,57
58.0769230769,49,84
33.9743589744,25,37
26.7948717949,18,23
40.1282051282,33,49
37.5641025641,25,44
62.6923076923,57,93
51.4102564103,41,71
80.1282051282,67,127
28.8461538462,20,27
98.5897435897,83,163
122.179487179,106,209
38.5897435897,31,46
103.205128205,91,172
27.8205128205,19,25
69.8717948718,60,107
99.1025641026,84,164
92.9487179487,79,152
104.743589744,89,175
28.3333333333,19,26
49.8717948718,42,68
23.2051282051,15,16
49.358974359,39,67
60.1282051282,51,88
38.0769230769,31,45
50.8974358974,40,70
38.5897435897,29,46
102.692307692,87,171
57.5641025641,48,83
55.0,46,78
40.1282051282,30,49
60.1282051282,49,88
88.8461538462,77,144
52.9487179487,42,74
57.5641025641,49,83
39.6153846154,32,48
65.7692307692,57,99
101.666666667,86,169
45.2564102564,38,59
42.6923076923,32,54
26.2820512821,18,22
32.4358974359,26,34
96.5384615385,81,159
53.4615384615,45,75
48.8461538462,40,66
101.666666667,86,169
131.41025641,117,227
36.0256410256,30,41
45.7692307692,36,60
103.717948718,91,173
27.8205128205,19,25
68.8461538462,56,105
35.5128205128,26,40
25.2564102564,19,20
26.7948717949,21,23
105.769230769,90,177
90.3846153846,76,147
122.179487179,107,209
105.769230769,90,177
26.7948717949,18,23
149.871794872,133,263
58.5897435897,47,85
44.2307692308,36,57
43.2051282051,33,55
32.9487179487,26,35
45.7692307692,38,60
97.5641025641,83,161
36.5384615385,27,42
24.7435897436,19,19
41.6666666667,32,52
87.3076923077,76,141
36.5384615385,29,42
45.7692307692,37,60
35.0,26,39
103.717948718,89,173
26.2820512821,18,22
25.2564102564,17,20
32.4358974359,25,34
47.3076923077,37,63
54.4871794872,46,77
35.0,28,39
51.4102564103,40,71
100.641025641,86,167
25.7692307692,20,21
34.4871794872,25,38
44.2307692308,34,57
26.2820512821,20,22
96.5384615385,81,159
43.2051282051,33,55
102.692307692,90,171
43.2051282051,33,55
56.0256410256,45,80
93.4615384615,82,153
96.0256410256,81,158
30.8974358974,24,31
89.358974359,78,145
81.6666666667,68,130
36.0256410256,27,41
69.8717948718,61,107
79.6153846154,66,126
30.3846153846,22,30
41.1538461538,34,51
78.5897435897,65,124
24.2307692308,16,18
139.102564103,124,242
26.7948717949,21,23
58.5897435897,50,85
46.7948717949,37,62
44.2307692308,35,57
67.8205128205,55,103
36.0256410256,27,41
78.0769230769,68,123
29.8717948718,21,29
42.6923076923,36,54
29.358974359,21,28
68.3333333333,56,104
29.358974359,23,28
79.1025641026,69,125
76.5384615385,64,120
53.9743589744,46,76
23.7179487179,18,17
30.3846153846,22,30
40.641025641,31,50
127.820512821,111,220
59.6153846154,51,87
44.7435897436,36,58
85.7692307692,76,138
99.6153846154,84,165
40.1282051282,30,49
73.4615384615,64,114
61.1538461538,52,90
46.2820512821,37,61
35.5128205128,27,40
75.0,62,117
66.7948717949,57,101
65.2564102564,56,98
50.3846153846,40,69
86.7948717949,73,140
46.7948717949,39,62
64.7435897436,53,97
78.0769230769,65,123
76.5384615385,63,120
69.358974359,60,106
25.2564102564,19,20
76.5384615385,64,120
105.769230769,91,177
32.9487179487,23,35
82.6923076923,69,132
29.358974359,20,28
35.5128205128,29,40
91.4102564103,80,149
38.0769230769,29,45
27.8205128205,21,25
32.9487179487,24,35
31.9230769231,23,33
65.2564102564,53,98
111.923076923,96,189
76.5384615385,63,120
96.0256410256,84,158
31.4102564103,26,32
68.8461538462,57,105
28.3333333333,22,26
74.4871794872,62,116
64.2307692308,54,96
89.358974359,75,145
65.7692307692,56,99
157.564102564,136,278
29.358974359,23,28
34.4871794872,27,38
30.3846153846,23,30
71.4102564103,59,110
64.7435897436,52,97
40.1282051282,31,49
28.3333333333,20,26
68.3333333333,59,104
54.4871794872,45,77
44.7435897436,34,58
59.1025641026,50,86
48.8461538462,40,66
72.9487179487,63,113
40.641025641,33,50
50.8974358974,41,70
51.4102564103,43,71
78.0769230769,65,123
52.4358974359,42,73
63.2051282051,51,94
28.3333333333,20,26
75.0,62,117
55.0,46,78
28.3333333333,22,26
92.4358974359,79,151
60.1282051282,48,88
70.8974358974,61,109
73.9743589744,63,115
