4173
5437
4733
1738
3627
1539
1738
1733
4034
3327
2837
1933
4437
1729
4933
2239
1830
1939
2433
2334
2138
3136
1636
2636
7938
5837
2633
2028
8428
1434
2839
3335
1436
2037
6738
1536
3538
2232
6839
1535
3438
6834
1336
4038
1939
6639
3628
1938
2232
1728
2536
1935
6737
3837
1334
1637
1427
6938
5037
2525
4938
3739
2134
2437
4137
2239
3430
2336
2935
2236
2438
2340
1433
4433
7437
5625
2834
3336
4136
2229
2136
3934
1429
4135
3337
3438
1440
4136
4133
2171
2138
1429
1234
5036
1432
2236
3235
6039
1439
8939
3835
2237
5538
2229
3033
2138
2237
4633
6734
4034
3036
1439
12338
5633
2231
1253
1837
1239
2133
4936
12834
5730
4638
2737
6837
1937
2234
2337
9733
2137
3239
2135
6531
2336
1438
1435
1930
9238
1433
3128
6636
2039
15038
1533
3736
5433
6026
8439
9338
2035
2537
5631
1438
1637
1737
1733
2136
3638
5138
2431
5337
3326
3738
2937
2134
3037
2031
5233
6138
1739
6130
3538
2835
8138
1336
2730
5233
2737
1735
2130
13626
7635
1234
1435
2836
7537
2835
2328
2738
10138
1830
2926
2836
1436
2828
2735
7536
3238
2633
3131
10937
1228
1337
3036
3027
2039
5730
5037
1439
1740
6032
1538
3034
1938
1733
3738
8235
3733
2803
5335
3036
6231
10233
1837
2640
1527
3134
1334
7036
2737
1725
5835
7339
1939
3437
1436
3134
4635
1327
6839
2139
3737
13037
3229
1327
1834
3434
5126
2236
4235
1735
7030
1432
1826
1726
3538
1536
7832
3336
5038
3039
6530
5733
2237
3531
3234
3134
4835
2039
1537
1438
3436
2236
3233
2237
1726
7935
2235
2599
2629
2235
1628
3037
5835
3937
1932
4137
1535
5338
3836
1735
1837
3839
4425
1436
4838
3739
3537
2534
3338
3337
4739
1937
1537
3639
5036
4527
2137
1226
3629
2236
3235
2629
8138
1827
2433
7638
3436
3339
1227
1730
2129
1837
3229
3230
7238
2737
2732
1327
6926
1728
3034
5036
2234
4123
1827
2638
3840
4027
1735
5737
3134
10238
2428
3937
3135
1835
2334
3236
3034
4534
3028
2426
2236
2227
3336
1837
1831
2334
4937
3029
1835
6935
3233
3237
1834
7034
3037
2038
3929
3534
10435
7536
1432
4536
1536
14637
3436
4137
1229
1638
1236
1830
5839
3738
2801
3037
3335
7939
1228
2436
1936
3239
3736
3334
3033
12839
2038
1735
2419
7337
2527
2237
5433
1337
2335
12729
1935
2028
8234
3727
3538
2236
1535
1734
1638
4836
3128
3427
5033
1336
4233
1736
7034
2736
6137
3438
1433
1537
3833
5335
2536
8033
2334
1730
2434
1634
1634
3925
1538
2427
3833
5738
2530
1736
2226
6136
1828
2130
2435
15134
1934
3334
7036
2336
2835
3325
3429
6127
3827
1929
1934
2635
1528
1934
4034
1737
4537
3331
1636
5835
4839
2930
1434
2529
1935
2034
6127
3437
1526
3527
2434
3938
4630
11234
3937
1937
6029
1535
1627
2436
6135
1328
2838
2637
1736
4238
1836
